00000000000011000000000000000000000000000000110000
00000000000011000000000000000000000000000000110000
00000000000000000000000000000000000000000000000000
00000000000000000000000000000000000000000000000000
00000000000000000000000000000000000000000000000000
00000000000000000000000000000000000000000000000000
00000000000000000000000000000000000000000000000000
00000000000000000000000000000000000000000000000000
00000000000000000000000000000000000011000000000000
00000000000000000000000000000000000011000000000000
00000000000000000000000000000000000000000000000000
00000000000000000000000000000000000000000000000000
00000000000000000000000000000000000000000000000000
00000000000000000000000000000000000000000000000000
00000000000000000000100000000000000000000000000000
00000000000000000001010000000000000000000000000000
00000000000000000001010000000000000000000000000000
00000000000000000000100000000000000000000000000000
00000000000000000000000000000000000000000000001100
00000000000110000000000000000000000000000000001100
00000000000110000000000000000000000000000000000000
00000000000000000000000000000000000000000000000000
00000000000000000000000000000000000000000000000000
00100000000000000000000000000000000000000000000000
01010000000000000000000000000000000000000000000000
01010000000000000000000000000000000000000000000000
00100000000000000000000000000000000000000000000000
00000000000000000000000000000000000000000000000000
00000000000000000000000000000000000000000000000000
00000000000000000000000000000000000000000000000000
00000000000000000000000000000000000000000000000000
00000000000000000000000000000000000000000000000000
00000000000000000000000000000000000000000000000000
00000000000000000000000000000000000000000000000000
00000000000000000000000000000000000000000000000000
00000000000000000000000000000000000001000000000000
00000000000000000000000000000000000010100000000000
00000000000000000000000000000000000010010000000000
00011000000000000000000000000000000001100000000000
00011000000000000000000000000000100000000000000000
00000000000111000000000000000000100000000000000000
00000000000000000000000000000000100000000000000000
00000000010000010000000000000000000000000000000000
00000000010000010000000000000000000000000000000000
00000000010000010000000000000000000000000000001000
00000000000000000000000000000000000000000000010100
00000000000111000000000000000000000000000000100100
00000000000000000000000000000000000000000000011000
00000000000000000000000000000000000000000000000000
00000011100000000000000000000000000000000000000000
