00011110010101010010000000001000001000110010010101
01000010010110110100000100101010110111110010110001
10110100110111100110010011111110101000001110111010
01110100000011001001101010111111001011101010111001
11010110010101111011010101110000011111010000101111
10000010010001110001000001011111110110000111111100
01010100110100101110110000001001000110010101001000
10001110001110111111101110101010000100100011110110
01100011011100001101011100001011011101000101000101
10111000000011000000010010000011111010000011111001
00001011100011001100010100000010000101101111010010
01100000101010010000101010101101101001110111100011
10111100010001111111010010110001101001010100101001
11010110010010111000011111100111011000010110100011
10101011000110000101011100100000000010001010010001
10110000100000000100101010010010101111001011100111
10101010100010101111010110111001101100000000111001
01001001100100110101110000111110101000101000001111
00111100011110110001011101000111111001111110100011
01011101011001001111101000100111110110011000000101
01010111010101010101110110101111111101000111001010
00000101011000000010111000101101111000001000010001
01100101010101111011011101111010011101010100111011
00010000010010111111110011110010101011100011010110
01011101010111010111101110011000111101000011010000
10001001100001111011101110111010110011011011001011
10101100110010010101110101101000010101000000100011
01111001001000001001010010110101000010101001100100
10010101101110101000001011010111110110101100101000
11110111001010011100100110100111101100001111011101
00011011001111100111010100101100000100001111111011
00111101100100100011000100010110000011111110011011
00101001011101110100001110100001010000110100110010
01111000111000100001101110000011100010001100011111
11100110000000001110011111011110000110101110011100
01001111010001001011101111001110110100001001001101
01101110001010011111001111101001001101001101010000
11101001010110001111111100010111000011101111000011
01001111000110110100100000111111101100000111010111
10011001100000110000010100001111001000101101001011
00110100110101001001011110100011001001001010000100
10101111111011010011000011100111110001111110010110
01011010011000101110011111110010000111011100010100
00000111110110010000110111000111110000101000001000
01001110110111111110100011001111001100000010000011
11101111011010100001101000110011000010111101111011
01011111011100010110111110110011101000010010110000
11001110100110100111011111011111000111011010100011
11111110011100101100111000001011110101110111110100
10001011100010111101101100101110100001100000000000
